0 0.512242 0.453906 0.056701 0.070312
0 0.442977 0.605469 0.086985 0.104688
0 0.818943 0.391016 0.067010 0.077344
0 0.330219 0.435547 0.098582 0.121094
0 0.058312 0.331641 0.062500 0.074219
0 0.595683 0.673047 0.090851 0.119531
0 0.861791 0.751563 0.062500 0.076563
0 0.967784 0.814844 0.042526 0.056250
0 0.287693 0.107422 0.114046 0.158594
0 0.731959 0.671094 0.092784 0.067187
0 0.797358 0.574609 0.112758 0.122656
0 0.682990 0.609375 0.095361 0.075000
0 0.296070 0.783594 0.090851 0.120313
0 0.076997 0.837891 0.116624 0.092969
0 0.067332 0.179688 0.067655 0.059375
0 0.663338 0.802734 0.093428 0.110156
0 0.667848 0.891797 0.081830 0.061719
0 0.097938 0.586719 0.069588 0.109375
0 0.035438 0.550000 0.068299 0.082812
0 0.082474 0.098828 0.078608 0.091406
0 0.961662 0.212891 0.074098 0.102344
0 0.942332 0.112891 0.115335 0.078906
