0 0.570082 0.455008 0.054054 0.061815
0 0.495600 0.601721 0.088624 0.109546
0 0.644563 0.672926 0.092395 0.120501
0 0.894720 0.767997 0.067253 0.089984
0 0.868950 0.406886 0.069767 0.086072
0 0.395977 0.422144 0.106851 0.113459
0 0.361408 0.070031 0.101823 0.138498
0 0.122879 0.296557 0.064739 0.081377
0 0.913262 0.034038 0.085481 0.066510
0 0.699874 0.809077 0.092395 0.103286
0 0.346637 0.615806 0.096166 0.103286
0 0.321496 0.692488 0.096166 0.068858
0 0.347580 0.773083 0.098052 0.092332
0 0.154934 0.796166 0.078567 0.115023
0 0.159334 0.555947 0.073539 0.116588
0 0.102451 0.516823 0.067882 0.093114
0 0.144563 0.148279 0.056568 0.058685
0 0.054054 0.356808 0.084224 0.092332
0 0.041169 0.452269 0.077310 0.086072
0 0.774356 0.678404 0.076681 0.086072
0 0.725330 0.621283 0.064111 0.078247
0 0.842238 0.598983 0.103080 0.115023
0 0.701131 0.897496 0.082338 0.073552
0 0.087052 0.816901 0.060968 0.103286
0 0.035198 0.792254 0.062854 0.110329
0 0.165933 0.066119 0.084224 0.105634
0 0.809239 0.327465 0.121307 0.124413
