0 0.702189 0.169922 0.059884 0.088281
0 0.568899 0.123438 0.085641 0.096875
0 0.744366 0.459375 0.090148 0.100000
0 0.568577 0.468750 0.065679 0.093750
0 0.381198 0.421094 0.074694 0.089063
0 0.781713 0.623437 0.079845 0.106250
0 0.768835 0.923047 0.064392 0.086719
0 0.529942 0.859766 0.059240 0.050781
0 0.410818 0.777344 0.069543 0.085938
0 0.356085 0.611719 0.092724 0.115625
0 0.293625 0.694141 0.069543 0.092969
0 0.238892 0.639062 0.063104 0.075000
0 0.159369 0.701953 0.080489 0.110156
0 0.108178 0.485938 0.046362 0.075000
0 0.678042 0.852734 0.055377 0.077344
0 0.222151 0.826562 0.081133 0.100000
0 0.031230 0.633984 0.061172 0.116406
