0 0.629408 0.661151 0.073678 0.108747
0 0.597922 0.492908 0.073678 0.093775
0 0.575882 0.184397 0.071159 0.080378
0 0.448992 0.144208 0.073048 0.092987
0 0.251574 0.438534 0.069899 0.087470
0 0.424748 0.497242 0.067380 0.088258
0 0.232683 0.625296 0.083753 0.107959
0 0.161209 0.704492 0.070529 0.081954
0 0.119647 0.645784 0.076826 0.074862
0 0.040932 0.697794 0.075567 0.115839
0 0.095088 0.835697 0.070529 0.103231
0 0.267317 0.799054 0.056045 0.081954
0 0.377834 0.880221 0.052897 0.059890
0 0.608627 0.953507 0.058564 0.075650
