0 0.556010 0.061811 0.120201 0.118898
0 0.328194 0.073228 0.112649 0.118110
0 0.429830 0.213386 0.085588 0.110236
0 0.557583 0.259055 0.073002 0.092913
0 0.579295 0.571260 0.079924 0.111024
0 0.410321 0.568898 0.066709 0.098425
0 0.231907 0.524016 0.077407 0.088976
0 0.217432 0.708268 0.082442 0.101575
0 0.150409 0.771654 0.071743 0.103937
0 0.101951 0.720472 0.064191 0.074016
0 0.039962 0.779921 0.078666 0.128346
0 0.255507 0.871260 0.055381 0.087402
0 0.084959 0.909449 0.070485 0.105512
0 0.361548 0.955512 0.047199 0.065354
0 0.614223 0.732677 0.076778 0.125197
