0 0.605584 0.396403 0.077664 0.084441
0 0.794608 0.441751 0.064185 0.103206
0 0.639281 0.759578 0.068036 0.086787
0 0.584082 0.587959 0.101412 0.112588
0 0.516688 0.672400 0.079589 0.087568
0 0.462452 0.614543 0.077664 0.078186
0 0.378691 0.691165 0.078306 0.114152
0 0.232349 0.612979 0.084724 0.086005
0 0.100449 0.781470 0.082798 0.099296
0 0.143132 0.446443 0.100128 0.109461
0 0.116816 0.116497 0.121951 0.128225
0 0.760591 0.837764 0.051348 0.063331
0 0.776958 0.112197 0.089217 0.099296
0 0.444480 0.811962 0.084082 0.108679
0 0.775353 0.204848 0.084724 0.109461
0 0.941592 0.446833 0.116816 0.094605
0 0.904044 0.151290 0.078947 0.108679
0 0.978498 0.890930 0.043004 0.086787
