0 0.578401 0.583594 0.079975 0.096875
0 0.559824 0.268359 0.074307 0.089844
0 0.431045 0.228125 0.078715 0.103125
0 0.328401 0.084766 0.112720 0.130469
0 0.561083 0.061719 0.124685 0.117188
0 0.413728 0.572656 0.071788 0.107813
0 0.231738 0.528516 0.070529 0.082031
0 0.211272 0.710547 0.086272 0.105469
0 0.148300 0.789062 0.071159 0.081250
0 0.106108 0.733594 0.067380 0.078125
0 0.032431 0.789062 0.063602 0.112500
0 0.253778 0.873828 0.061713 0.078906
0 0.362720 0.962500 0.052897 0.056250
0 0.077771 0.916016 0.061083 0.075781
0 0.617443 0.743359 0.074937 0.122656
